[gd_scene load_steps=8 format=3 uid="uid://bhqpysp2fmp7s"]

[ext_resource type="Script" path="res://resources/scripts/game_world.gd" id="1_lcsd0"]
[ext_resource type="PackedScene" uid="uid://8t20480hhnsb" path="res://resources/scenes/game_world/rooms/hallway.tscn" id="2_3ded8"]
[ext_resource type="PackedScene" uid="uid://c7j6c2cpcs5cx" path="res://resources/scenes/game_world/rooms/bedroom.tscn" id="3_qgxjy"]
[ext_resource type="CameraAttributesPractical" uid="uid://bcmemrh4ia4wg" path="res://resources/camera_attributes/Player.tres" id="4_mgfog"]
[ext_resource type="LightmapGIData" uid="uid://jg74cnrplmw7" path="res://resources/light_data/Bedroom.lmbake" id="5_0r7kb"]
[ext_resource type="Environment" uid="uid://83bq1txta8r5" path="res://resources/environments/active_game.tres" id="6_u2lc4"]
[ext_resource type="Script" path="res://resources/scripts/monster_position.gd" id="7_gu505"]

[node name="GameWorld" type="Node3D"]
process_mode = 1
script = ExtResource("1_lcsd0")

[node name="Lighting" type="Node3D" parent="."]
transform = Transform3D(1, 0, 0, 0, 1, 0, 0, 0, 1, 5, 2.08165e-12, -7.55)

[node name="Moonlight" type="DirectionalLight3D" parent="Lighting"]
transform = Transform3D(0.907749, 0.29357, -0.299679, 0.0736942, 0.591653, 0.802818, 0.412989, -0.750842, 0.515438, 2.08165e-12, 10, 2.08165e-12)
light_color = Color(0.423529, 0.592157, 0.745098, 1)
light_energy = 0.26
light_bake_mode = 1
shadow_enabled = true

[node name="Underlighting" type="DirectionalLight3D" parent="Lighting"]
transform = Transform3D(-0.637379, 0.161786, -0.753375, 0.61934, -0.474126, -0.625798, -0.45844, -0.865465, 0.201997, 2.08165e-12, -10, 2.08165e-12)
light_color = Color(0.415686, 0.384314, 0.658824, 1)
light_energy = 0.075
light_bake_mode = 1

[node name="Underlighting2" type="DirectionalLight3D" parent="Lighting"]
transform = Transform3D(-0.110689, -0.494906, 0.861868, 0.216513, -0.858376, -0.465094, 0.969985, 0.135124, 0.202166, 2.08165e-12, -10, 2.08165e-12)
light_color = Color(0.415686, 0.384314, 0.658824, 1)
light_energy = 0.075
light_bake_mode = 1

[node name="Hallway" parent="." instance=ExtResource("2_3ded8")]
transform = Transform3D(1, 0, 0, 0, 1, 0, 0, 0, 1, 5, 2.08165e-12, -7.55)

[node name="Bedroom" parent="." instance=ExtResource("3_qgxjy")]

[node name="LightmapGI" type="LightmapGI" parent="."]
transform = Transform3D(1, -3.48787e-16, 3.48787e-16, 3.48787e-16, 1, -3.48787e-16, -3.48787e-16, 3.48787e-16, 1, 2.08165e-12, 2.08165e-12, 2.08165e-12)
quality = 3
interior = true
camera_attributes = ExtResource("4_mgfog")
light_data = ExtResource("5_0r7kb")

[node name="WorldEnvironment" type="WorldEnvironment" parent="."]
environment = ExtResource("6_u2lc4")
camera_attributes = ExtResource("4_mgfog")

[node name="MonsterPosition1" type="Marker3D" parent="."]
transform = Transform3D(-0.999393, -0.0132009, 0.0322417, -0.012456, 0.999653, 0.0231963, -0.0325367, 0.0227806, -0.999211, -2.33386, 2.08165e-12, 21.0517)
script = ExtResource("7_gu505")
PositionNumber = 1

[node name="MonsterPosition2" type="Marker3D" parent="."]
transform = Transform3D(-0.957915, -0.0185828, 0.28645, -0.012456, 0.999653, 0.0231963, -0.286781, 0.0186521, -0.957814, -3.34419, 2.08165e-12, 11.7151)
script = ExtResource("7_gu505")
PositionNumber = 2

[node name="MonsterPosition3" type="Marker3D" parent="."]
transform = Transform3D(-0.920878, -0.0205081, 0.389311, -0.012456, 0.999653, 0.0231963, -0.389651, 0.0165117, -0.920814, -0.472383, 2.08165e-12, 5.45749)
script = ExtResource("7_gu505")
PositionNumber = 3

[connection signal="child_order_changed" from="." to="." method="_on_child_order_changed"]
[connection signal="tree_entered" from="." to="." method="_on_tree_entered"]
[connection signal="tree_exited" from="." to="." method="_on_tree_exited"]
