[gd_scene format=3 uid="uid://b760s0yffuuee"]

[node name="Lighting" type="Node3D"]

[node name="Moonlight" type="DirectionalLight3D" parent="."]
transform = Transform3D(0.907749, 0.29357, -0.299679, 0.0736942, 0.591653, 0.802818, 0.412989, -0.750842, 0.515438, 2.08165e-12, 10, 2.08165e-12)
light_color = Color(0.423529, 0.592157, 0.745098, 1)
light_energy = 0.26
light_bake_mode = 1
shadow_enabled = true

[node name="Underlighting" type="DirectionalLight3D" parent="."]
transform = Transform3D(-0.637379, 0.161786, -0.753375, 0.61934, -0.474126, -0.625798, -0.45844, -0.865465, 0.201997, 2.08165e-12, -10, 2.08165e-12)
light_color = Color(0.415686, 0.384314, 0.658824, 1)
light_energy = 0.075
light_bake_mode = 1

[node name="Underlighting2" type="DirectionalLight3D" parent="."]
transform = Transform3D(-0.110689, -0.494906, 0.861868, 0.216513, -0.858376, -0.465094, 0.969985, 0.135124, 0.202166, 2.08165e-12, -10, 2.08165e-12)
light_color = Color(0.415686, 0.384314, 0.658824, 1)
light_energy = 0.075
light_bake_mode = 1
